%YAML:1.0
---
name: imyunjin
age: 20
pt1: [ 100, 200 ]
scores: [ 80, 90, 100 ]
mat1: !!opencv-matrix
   rows: 2
   cols: 2
   dt: f
   data: [ 1., 1.50000000e+00, 2., 3.20000005e+00 ]
